100003
100013
100016
100017
100026
100031
100041
100044
100045
100060
100070
100085
100086
100088
100093
100107
100108
100114
100119
100136
100138
100147
100167
100171
100172
100175
100187
100189
100197
100199
100205
100214
100230
100238
100244
100252
100253
100255
100258
100260
100263
100284
100291
100299
100307
100320
100323
100337
100373
100434
100441
100451
100452
100457
100496
100531
100538
100539
100543
100567
100579
100584
100591
100602
100604
100606
100616
100643
100644
100659
100664
100670
100686
100707
100714
100725
100743
100756
100765
100787
100796
100810
100836
100870
100873
100884
100898
100918
100990
100993
101002
101016
101066
101072
101088
101092
101112
101116
101151
101154
101160
101188
101194
101209
101211
101224
101248
101297
101300
101308
101309
101317
101320
101321
101324
101345
101349
101357
101362
101364
101365
101377
101378
101386
101387
101391
101392
101411
101421
101429
101431
101476
101490
101494
101499
101502
101564
101565
101591
101604
101605
101615
101664
101687
101695
101704
101705
101707
101717
101720
101741
101816
101820
101855
101862
101881
101919
101921
101933
101946
101975
101980
101987
102013
102016
102021
102074
102080
102087
102101
102126
102163
102205
102222
102242
102257
102267
102283
102296
102302
102304
102320
102322
102323
102325
102328
102329
102336
102347
102350
102351
102352
102353
102355
102357
102378
102382
102387
102392
102423
102432
102434
102435
102446
102447
102454
102460
102461
102480
102481
102482
102484
102487
102492
102495
102499
102502
102506
102510
102511
102512
102519
102526
102529
102538
102602
102610
102619
102630
102631
102634
102640
102641
102643
102670
102687
102690
102722
102756
102760
102763
102778
102816
102821
102834
102835
102889
102924
102955
102994
102996
103012
103014
103022
103118
103126
103138
103146
103164
103189
103190
103196
103197
103272
103279
103282
103302
103303
103320
103362
103372
103380
103390
103418
103442
103503
103507
103597
103653
103683
103689
103690
103692
103693
103697
103699
103703
103746
103761
103790
103821
103876
103923
103928
103932
103933
103958
103981
104018
104059
104083
104102
104108
104114
104115
104200
104236
104241
104250
104253
104262
104284
104288
104328
104352
104354
104356
104388
104403
104456
104479
104483
104486
104488
104510
104526
104618
